3 0.0838542 0.0416667 0.167708 0 
5 0.0838542 0.0416667 0.167708 0 
6 0.0838542 0.0416667 0.167708 0 
9 0.0838542 0.0416667 0.167708 0 
3 0.0703125 0.0416667 0.00104167 0 
4 0.0703125 0.0416667 0.00104167 0 
5 0.0703125 0.0416667 0.00104167 0 
6 0.0703125 0.0416667 0.00104167 0 
9 0.0703125 0.0416667 0.00104167 0 
11 0.0703125 0.0416667 0.00104167 0 
3 0.0859375 0.0416667 0.119792 0 
4 0.0859375 0.0416667 0.119792 0 
9 0.0859375 0.0416667 0.119792 0 
11 0.0859375 0.0416667 0.119792 0 
3 0.101562 0.0416667 0.158333 0 
4 0.101562 0.0416667 0.158333 0 
9 0.101562 0.0416667 0.158333 0 
11 0.101562 0.0416667 0.158333 0 
3 0.117188 0.0416667 0.110417 0 
9 0.117188 0.0416667 0.110417 0 
11 0.117188 0.0416667 0.110417 0 
3 0.130729 0.0416667 0.138542 0 
9 0.130729 0.0416667 0.138542 0 
3 0.101562 0.125 0 0 
4 0.101562 0.125 0 0 
5 0.101562 0.125 0 0 
6 0.101562 0.125 0 0 
7 0.101562 0.125 0 0 
9 0.101562 0.125 0 0 
13 0.101562 0.125 0 0 
4 0.0921875 0.125 0 0.00185185 
5 0.0921875 0.125 0 0.00185185 
6 0.0921875 0.125 0 0.00185185 
7 0.0921875 0.125 0 0.00185185 
9 0.0921875 0.125 0 0.00185185 
10 0.0921875 0.125 0 0.00185185 
13 0.0921875 0.125 0 0.00185185 
4 0.0838542 0.152778 0.167708 0 
5 0.0838542 0.152778 0.167708 0 
7 0.0838542 0.152778 0.167708 0 
9 0.0838542 0.152778 0.167708 0 
10 0.0838542 0.152778 0.167708 0 
13 0.0838542 0.152778 0.167708 0 
3 0.0859375 0.152778 0 0 
4 0.0859375 0.152778 0 0 
5 0.0859375 0.152778 0 0 
6 0.0859375 0.152778 0 0 
7 0.0859375 0.152778 0 0 
9 0.0859375 0.152778 0 0 
13 0.0859375 0.152778 0 0 
4 0.101562 0.152778 0 0 
5 0.101562 0.152778 0 0 
6 0.101562 0.152778 0 0 
7 0.101562 0.152778 0 0 
9 0.101562 0.152778 0 0 
13 0.101562 0.152778 0 0 
4 0.114063 0.152778 0 0.00185185 
5 0.114063 0.152778 0 0.00185185 
6 0.114063 0.152778 0 0.00185185 
7 0.114063 0.152778 0 0.00185185 
9 0.114063 0.152778 0 0.00185185 
10 0.114063 0.152778 0 0.00185185 
13 0.114063 0.152778 0 0.00185185 
4 0.101562 0.152778 0 0.0981481 
5 0.101562 0.152778 0 0.0981481 
7 0.101562 0.152778 0 0.0981481 
9 0.101562 0.152778 0 0.0981481 
10 0.101562 0.152778 0 0.0981481 
13 0.101562 0.152778 0 0.0981481 
4 0.0838542 0.180556 0.167708 0 
5 0.0838542 0.180556 0.167708 0 
7 0.0838542 0.180556 0.167708 0 
9 0.0838542 0.180556 0.167708 0 
10 0.0838542 0.180556 0.167708 0 
13 0.0838542 0.180556 0.167708 0 
3 0.0859375 0.180556 0 0 
4 0.0859375 0.180556 0 0 
5 0.0859375 0.180556 0 0 
6 0.0859375 0.180556 0 0 
7 0.0859375 0.180556 0 0 
9 0.0859375 0.180556 0 0 
10 0.0859375 0.180556 0 0 
13 0.0859375 0.180556 0 0 
4 0.101562 0.180556 0 0 
5 0.101562 0.180556 0 0 
6 0.101562 0.180556 0 0 
7 0.101562 0.180556 0 0 
9 0.101562 0.180556 0 0 
10 0.101562 0.180556 0 0 
13 0.101562 0.180556 0 0 
4 0.116146 0.180556 0 0 
5 0.116146 0.180556 0 0 
7 0.116146 0.180556 0 0 
9 0.116146 0.180556 0 0 
10 0.116146 0.180556 0 0 
13 0.116146 0.180556 0 0 
4 0.102604 0.180556 0 0.0222222 
5 0.102604 0.180556 0 0.0222222 
7 0.102604 0.180556 0 0.0222222 
9 0.102604 0.180556 0 0.0222222 
10 0.102604 0.180556 0 0.0222222 
13 0.102604 0.180556 0 0.0222222 
4 0.0838542 0.208333 0.167708 0 
5 0.0838542 0.208333 0.167708 0 
7 0.0838542 0.208333 0.167708 0 
9 0.0838542 0.208333 0.167708 0 
10 0.0838542 0.208333 0.167708 0 
13 0.0838542 0.208333 0.167708 0 
3 0.0859375 0.208333 0 0 
4 0.0859375 0.208333 0 0 
5 0.0859375 0.208333 0 0 
9 0.0859375 0.208333 0 0 
10 0.0859375 0.208333 0 0 
13 0.0859375 0.208333 0 0 
4 0.101562 0.208333 0 0 
5 0.101562 0.208333 0 0 
7 0.101562 0.208333 0 0 
9 0.101562 0.208333 0 0 
10 0.101562 0.208333 0 0 
13 0.101562 0.208333 0 0 
4 0.115104 0.208333 0 0 
5 0.115104 0.208333 0 0 
7 0.115104 0.208333 0 0 
9 0.115104 0.208333 0 0 
10 0.115104 0.208333 0 0 
13 0.115104 0.208333 0 0 
4 0.102604 0.208333 0 0.0259259 
5 0.102604 0.208333 0 0.0259259 
7 0.102604 0.208333 0 0.0259259 
9 0.102604 0.208333 0 0.0259259 
10 0.102604 0.208333 0 0.0259259 
13 0.102604 0.208333 0 0.0259259 
4 0.117188 0.208333 0 0.305556 
7 0.117188 0.208333 0 0.305556 
9 0.117188 0.208333 0 0.305556 
4 0.0838542 0.236111 0.167708 0 
5 0.0838542 0.236111 0.167708 0 
7 0.0838542 0.236111 0.167708 0 
9 0.0838542 0.236111 0.167708 0 
10 0.0838542 0.236111 0.167708 0 
13 0.0838542 0.236111 0.167708 0 
3 0.0859375 0.236111 0 0 
4 0.0859375 0.236111 0 0 
5 0.0859375 0.236111 0 0 
9 0.0859375 0.236111 0 0 
10 0.0859375 0.236111 0 0 
13 0.0859375 0.236111 0 0 
3 0.101562 0.236111 0 0 
4 0.101562 0.236111 0 0 
5 0.101562 0.236111 0 0 
7 0.101562 0.236111 0 0 
9 0.101562 0.236111 0 0 
10 0.101562 0.236111 0 0 
13 0.101562 0.236111 0 0 
4 0.113542 0.236111 0 0 
5 0.113542 0.236111 0 0 
7 0.113542 0.236111 0 0 
9 0.113542 0.236111 0 0 
10 0.113542 0.236111 0 0 
13 0.113542 0.236111 0 0 
4 0.102604 0.236111 0 0.0314815 
5 0.102604 0.236111 0 0.0314815 
7 0.102604 0.236111 0 0.0314815 
9 0.102604 0.236111 0 0.0314815 
10 0.102604 0.236111 0 0.0314815 
13 0.102604 0.236111 0 0.0314815 
4 0.117188 0.236111 0 0.305556 
7 0.117188 0.236111 0 0.305556 
4 0.0838542 0.263889 0.167708 0 
5 0.0838542 0.263889 0.167708 0 
7 0.0838542 0.263889 0.167708 0 
9 0.0838542 0.263889 0.167708 0 
10 0.0838542 0.263889 0.167708 0 
13 0.0838542 0.263889 0.167708 0 
3 0.0859375 0.263889 0 0 
4 0.0859375 0.263889 0 0 
5 0.0859375 0.263889 0 0 
9 0.0859375 0.263889 0 0 
10 0.0859375 0.263889 0 0 
13 0.0859375 0.263889 0 0 
3 0.101562 0.263889 0 0 
4 0.101562 0.263889 0 0 
5 0.101562 0.263889 0 0 
7 0.101562 0.263889 0 0 
9 0.101562 0.263889 0 0 
10 0.101562 0.263889 0 0 
13 0.101562 0.263889 0 0 
4 0.113021 0.263889 0 0 
5 0.113021 0.263889 0 0 
7 0.113021 0.263889 0 0 
9 0.113021 0.263889 0 0 
10 0.113021 0.263889 0 0 
13 0.113021 0.263889 0 0 
4 0.102604 0.263889 0 0.0296296 
5 0.102604 0.263889 0 0.0296296 
7 0.102604 0.263889 0 0.0296296 
9 0.102604 0.263889 0 0.0296296 
10 0.102604 0.263889 0 0.0296296 
13 0.102604 0.263889 0 0.0296296 
4 0.0838542 0.291667 0.167708 0 
5 0.0838542 0.291667 0.167708 0 
7 0.0838542 0.291667 0.167708 0 
9 0.0838542 0.291667 0.167708 0 
10 0.0838542 0.291667 0.167708 0 
13 0.0838542 0.291667 0.167708 0 
3 0.0859375 0.291667 0 0 
4 0.0859375 0.291667 0 0 
5 0.0859375 0.291667 0 0 
9 0.0859375 0.291667 0 0 
10 0.0859375 0.291667 0 0 
13 0.0859375 0.291667 0 0 
3 0.101562 0.291667 0 0 
4 0.101562 0.291667 0 0 
5 0.101562 0.291667 0 0 
7 0.101562 0.291667 0 0 
9 0.101562 0.291667 0 0 
10 0.101562 0.291667 0 0 
13 0.101562 0.291667 0 0 
4 0.113021 0.291667 0 0 
5 0.113021 0.291667 0 0 
7 0.113021 0.291667 0 0 
9 0.113021 0.291667 0 0 
10 0.113021 0.291667 0 0 
13 0.113021 0.291667 0 0 
4 0.102083 0.291667 0 0.0314815 
5 0.102083 0.291667 0 0.0314815 
7 0.102083 0.291667 0 0.0314815 
9 0.102083 0.291667 0 0.0314815 
10 0.102083 0.291667 0 0.0314815 
13 0.102083 0.291667 0 0.0314815 
4 0.0838542 0.319444 0.167708 0 
5 0.0838542 0.319444 0.167708 0 
7 0.0838542 0.319444 0.167708 0 
9 0.0838542 0.319444 0.167708 0 
10 0.0838542 0.319444 0.167708 0 
13 0.0838542 0.319444 0.167708 0 
3 0.0859375 0.319444 0 0 
4 0.0859375 0.319444 0 0 
5 0.0859375 0.319444 0 0 
9 0.0859375 0.319444 0 0 
10 0.0859375 0.319444 0 0 
13 0.0859375 0.319444 0 0 
3 0.101562 0.319444 0 0 
4 0.101562 0.319444 0 0 
5 0.101562 0.319444 0 0 
7 0.101562 0.319444 0 0 
9 0.101562 0.319444 0 0 
10 0.101562 0.319444 0 0 
13 0.101562 0.319444 0 0 
4 0.1125 0.319444 0 0 
5 0.1125 0.319444 0 0 
7 0.1125 0.319444 0 0 
9 0.1125 0.319444 0 0 
10 0.1125 0.319444 0 0 
13 0.1125 0.319444 0 0 
4 0.102604 0.319444 0 0.0314815 
5 0.102604 0.319444 0 0.0314815 
7 0.102604 0.319444 0 0.0314815 
9 0.102604 0.319444 0 0.0314815 
10 0.102604 0.319444 0 0.0314815 
13 0.102604 0.319444 0 0.0314815 
9 0.117188 0.319444 0 0.305556 
4 0.0838542 0.347222 0.167708 0 
5 0.0838542 0.347222 0.167708 0 
7 0.0838542 0.347222 0.167708 0 
9 0.0838542 0.347222 0.167708 0 
10 0.0838542 0.347222 0.167708 0 
13 0.0838542 0.347222 0.167708 0 
3 0.0859375 0.347222 0 0 
4 0.0859375 0.347222 0 0 
5 0.0859375 0.347222 0 0 
9 0.0859375 0.347222 0 0 
10 0.0859375 0.347222 0 0 
13 0.0859375 0.347222 0 0 
3 0.101562 0.347222 0 0 
4 0.101562 0.347222 0 0 
5 0.101562 0.347222 0 0 
7 0.101562 0.347222 0 0 
9 0.101562 0.347222 0 0 
10 0.101562 0.347222 0 0 
13 0.101562 0.347222 0 0 
4 0.113021 0.347222 0 0 
5 0.113021 0.347222 0 0 
7 0.113021 0.347222 0 0 
9 0.113021 0.347222 0 0 
10 0.113021 0.347222 0 0 
13 0.113021 0.347222 0 0 
4 0.102604 0.347222 0 0.0351852 
5 0.102604 0.347222 0 0.0351852 
7 0.102604 0.347222 0 0.0351852 
9 0.102604 0.347222 0 0.0351852 
10 0.102604 0.347222 0 0.0351852 
13 0.102604 0.347222 0 0.0351852 
4 0.117188 0.347222 0 0.305556 
7 0.117188 0.347222 0 0.305556 
4 0.0838542 0.375 0.167708 0 
5 0.0838542 0.375 0.167708 0 
7 0.0838542 0.375 0.167708 0 
9 0.0838542 0.375 0.167708 0 
10 0.0838542 0.375 0.167708 0 
