16 0.499479 0.472222 0.246875 0.898148
17 0.561458 0.422685 0.121875 0.052778
18 0.437760 0.422685 0.122396 0.047222
19 0.388802 0.536574 0.020313 0.080556
20 0.411198 0.536111 0.019271 0.079630
21 0.444271 0.534722 0.020833 0.082407
22 0.467187 0.534722 0.019792 0.082407
23 0.488802 0.535185 0.021354 0.085185
24 0.511198 0.535648 0.021354 0.082407
25 0.545052 0.534722 0.019271 0.082407
26 0.566667 0.535648 0.020833 0.082407
27 0.589063 0.536574 0.020833 0.084259
28 0.612240 0.536574 0.020313 0.082407
29 0.388542 0.621759 0.021875 0.082407
30 0.411198 0.621759 0.020313 0.082407
31 0.433594 0.621296 0.020313 0.083333
32 0.455469 0.620833 0.020313 0.084259
33 0.478646 0.622222 0.019792 0.083333
34 0.511458 0.620833 0.020833 0.082407
35 0.545312 0.622222 0.020833 0.083333
36 0.566667 0.622222 0.021875 0.081481
37 0.589583 0.621296 0.020833 0.083333
38 0.611719 0.621759 0.021354 0.082407
39 0.388542 0.707870 0.021875 0.084259
40 0.410677 0.707870 0.021354 0.082407
41 0.445052 0.707407 0.021354 0.081481
42 0.466927 0.707870 0.021354 0.082407
43 0.488802 0.707870 0.020313 0.082407
44 0.545052 0.707407 0.020313 0.083333
45 0.567187 0.706944 0.020833 0.082407
46 0.589323 0.707407 0.021354 0.081481
47 0.611198 0.707870 0.021354 0.082407
48 0.394531 0.793519 0.030729 0.079630
49 0.423177 0.793519 0.020313 0.081481
50 0.445573 0.793519 0.020313 0.081481
51 0.467187 0.793519 0.019792 0.077778
52 0.489063 0.794444 0.019792 0.077778
53 0.511979 0.793519 0.019792 0.081481
54 0.544531 0.793981 0.020313 0.080556
55 0.577083 0.793981 0.019792 0.082407
56 0.604948 0.793981 0.031771 0.080556
57 0.400000 0.880093 0.042708 0.078704
58 0.445052 0.879630 0.041146 0.079630
59 0.515365 0.880093 0.095312 0.082407
60 0.592448 0.880093 0.054688 0.078704
61 0.606250 0.083796 0.017708 0.034259
