16 0.499479 0.472685 0.247917 0.899074
61 0.606250 0.082870 0.016667 0.028704
18 0.437240 0.422222 0.121354 0.046296
17 0.561198 0.423611 0.121354 0.047222
19 0.388542 0.535648 0.019792 0.078704
20 0.410677 0.535185 0.018229 0.079630
21 0.433594 0.535185 0.019271 0.079630
22 0.456510 0.535185 0.019271 0.079630
23 0.478646 0.535185 0.018750 0.079630
24 0.500521 0.535185 0.018750 0.079630
25 0.545052 0.535648 0.018229 0.080556
26 0.567448 0.535648 0.017188 0.078704
27 0.589583 0.535185 0.017708 0.077778
28 0.611719 0.535185 0.017188 0.077778
29 0.387500 0.621759 0.019792 0.080556
30 0.422135 0.621296 0.018229 0.077778
31 0.445312 0.621759 0.017708 0.078704
32 0.467448 0.621759 0.017188 0.078704
33 0.489323 0.621759 0.019271 0.078704
34 0.522656 0.620833 0.019271 0.076852
35 0.544792 0.620833 0.018750 0.076852
36 0.567708 0.620370 0.018750 0.075926
37 0.590365 0.620833 0.019271 0.076852
38 0.611198 0.621296 0.018229 0.077778
39 0.399740 0.707870 0.017188 0.075000
40 0.422396 0.707870 0.017708 0.076852
41 0.466146 0.708333 0.017708 0.077778
42 0.489063 0.707870 0.017708 0.078704
43 0.511979 0.707870 0.018750 0.078704
44 0.533854 0.708796 0.017708 0.080556
45 0.556250 0.708796 0.017708 0.078704
46 0.578385 0.708333 0.017188 0.077778
47 0.611198 0.709259 0.018229 0.079630
48 0.394010 0.793519 0.029687 0.075926
49 0.422917 0.793519 0.019792 0.077778
50 0.445312 0.793056 0.019792 0.078704
51 0.479167 0.794907 0.016667 0.075000
52 0.500781 0.793519 0.018229 0.077778
53 0.522917 0.793981 0.016667 0.080556
54 0.555469 0.794444 0.017188 0.079630
55 0.577344 0.793981 0.018229 0.078704
56 0.604688 0.793056 0.029167 0.076852
57 0.400260 0.879167 0.041146 0.076852
58 0.445052 0.880093 0.039062 0.076852
59 0.515365 0.881019 0.092188 0.075000
60 0.593229 0.881019 0.053125 0.075000
