67 0.499740 0.645370 0.258854 0.609259
18 0.434635 0.637500 0.126562 0.052778
17 0.564323 0.637500 0.126562 0.052778
22 0.413281 0.710185 0.043229 0.046296
20 0.499740 0.709259 0.043229 0.046296
26 0.585677 0.711111 0.043229 0.046296
28 0.412760 0.779630 0.043229 0.046296
21 0.499740 0.778704 0.043229 0.046296
24 0.585677 0.779630 0.043229 0.046296
23 0.413802 0.845370 0.043229 0.046296
27 0.499740 0.847222 0.043229 0.046296
19 0.586198 0.845370 0.043229 0.046296
25 0.499740 0.912037 0.043229 0.046296
60 0.414323 0.912037 0.043229 0.046296
56 0.586719 0.912037 0.043229 0.046296
