16 0.499219 0.475463 0.246354 0.899074
61 0.605729 0.082407 0.012500 0.024074
18 0.437760 0.423148 0.120313 0.048148
17 0.561198 0.423148 0.121354 0.050000
71 0.389062 0.535648 0.020833 0.080556
72 0.410938 0.535185 0.018750 0.077778
73 0.433333 0.535185 0.017708 0.077778
74 0.455729 0.535648 0.018750 0.078704
75 0.478125 0.534722 0.017708 0.078704
76 0.500260 0.534722 0.017188 0.076852
77 0.544792 0.535185 0.018750 0.077778
78 0.566927 0.535648 0.018229 0.078704
79 0.589844 0.535185 0.018229 0.077778
80 0.611979 0.535185 0.018750 0.077778
81 0.388021 0.621759 0.019792 0.076852
82 0.411198 0.622222 0.019271 0.079630
83 0.433333 0.621296 0.017708 0.079630
84 0.455208 0.621296 0.018750 0.077778
85 0.489063 0.621296 0.017708 0.079630
86 0.512500 0.621296 0.018750 0.079630
87 0.533594 0.620833 0.018229 0.078704
88 0.555729 0.621296 0.017708 0.079630
89 0.589323 0.621759 0.019271 0.078704
90 0.612240 0.621296 0.018229 0.077778
91 0.387240 0.706481 0.019271 0.075926
92 0.433073 0.707407 0.018229 0.077778
93 0.456771 0.707870 0.018750 0.076852
94 0.500260 0.707407 0.018229 0.079630
95 0.522917 0.706944 0.017708 0.078704
96 0.545052 0.707407 0.018229 0.075926
97 0.567448 0.707407 0.018229 0.077778
98 0.589583 0.706481 0.017708 0.075926
99 0.611458 0.707407 0.017708 0.075926
48 0.394271 0.793519 0.029167 0.075926
100 0.422656 0.793519 0.019271 0.075926
101 0.457031 0.793519 0.018229 0.075926
102 0.478385 0.793519 0.019271 0.077778
103 0.499479 0.793056 0.017708 0.076852
104 0.521875 0.793981 0.017708 0.078704
105 0.555208 0.793056 0.017708 0.076852
106 0.577604 0.793056 0.018750 0.076852
56 0.604948 0.793519 0.029687 0.077778
57 0.399479 0.879630 0.040625 0.075926
58 0.445312 0.880093 0.038542 0.076852
59 0.515625 0.880093 0.093750 0.076852
60 0.593229 0.880556 0.054167 0.077778
