16 0.499740 0.474537 0.247396 0.900926
61 0.606250 0.082407 0.014583 0.022222
18 0.438021 0.422222 0.120833 0.050000
17 0.561198 0.423148 0.120313 0.050000
19 0.387760 0.534259 0.020313 0.077778
20 0.422396 0.535185 0.018750 0.079630
21 0.444792 0.535185 0.018750 0.077778
22 0.467187 0.534722 0.017708 0.078704
23 0.489063 0.534722 0.017708 0.078704
24 0.523177 0.535185 0.018229 0.081481
25 0.545052 0.535648 0.018229 0.080556
26 0.567448 0.535185 0.018229 0.077778
27 0.589323 0.535185 0.017188 0.079630
28 0.612240 0.534722 0.018229 0.078704
29 0.399740 0.621759 0.019271 0.078704
30 0.422396 0.621296 0.018750 0.077778
31 0.444531 0.621296 0.018229 0.077778
32 0.478646 0.622685 0.016667 0.076852
33 0.500260 0.621296 0.018229 0.077778
34 0.523177 0.622222 0.017188 0.077778
35 0.545312 0.621759 0.017708 0.078704
36 0.567448 0.622222 0.018229 0.079630
28 0.589583 0.621759 0.017708 0.078704
38 0.611719 0.620833 0.018229 0.080556
39 0.388281 0.706944 0.020313 0.078704
40 0.444792 0.707407 0.018750 0.081481
41 0.467187 0.706481 0.017708 0.079630
42 0.489844 0.707407 0.018229 0.077778
43 0.511979 0.706944 0.017708 0.078704
44 0.534115 0.707870 0.018229 0.078704
45 0.567187 0.706944 0.018750 0.080556
46 0.589583 0.706944 0.018750 0.078704
47 0.611719 0.707407 0.018229 0.077778
48 0.393750 0.793056 0.030208 0.078704
49 0.422656 0.793519 0.018229 0.077778
50 0.444792 0.793519 0.016667 0.077778
51 0.490104 0.793056 0.018750 0.078704
52 0.511458 0.793981 0.017708 0.076852
53 0.533073 0.793519 0.018229 0.079630
54 0.555729 0.793981 0.017708 0.080556
55 0.577083 0.794444 0.018750 0.081481
56 0.605208 0.793981 0.029167 0.078704
57 0.400000 0.879630 0.041667 0.077778
58 0.445573 0.880093 0.040104 0.076852
59 0.516146 0.880093 0.092708 0.076852
60 0.592969 0.879630 0.053646 0.075926
