16 0.499740 0.473148 0.248438 0.900000
61 0.605990 0.082870 0.017188 0.028704
18 0.437500 0.422222 0.119792 0.048148
17 0.561719 0.422685 0.120313 0.047222
19 0.388542 0.535185 0.019792 0.079630
20 0.410677 0.536111 0.018229 0.077778
21 0.433333 0.535185 0.017708 0.079630
22 0.466927 0.535185 0.018229 0.079630
23 0.489323 0.535648 0.018229 0.080556
24 0.511458 0.535648 0.018750 0.078704
25 0.534115 0.534722 0.018229 0.076852
26 0.555990 0.534259 0.018229 0.077778
27 0.578385 0.534722 0.018229 0.076852
28 0.612240 0.534722 0.019271 0.080556
29 0.388281 0.620370 0.020313 0.077778
30 0.410677 0.620833 0.019271 0.078704
31 0.433854 0.620370 0.017708 0.079630
32 0.466927 0.622222 0.018229 0.079630
33 0.489323 0.622222 0.016146 0.077778
34 0.522917 0.620833 0.017708 0.078704
35 0.545052 0.621296 0.018229 0.079630
36 0.567448 0.621759 0.018229 0.078704
37 0.589844 0.622685 0.017188 0.078704
38 0.611979 0.621759 0.017708 0.078704
39 0.388542 0.706481 0.020833 0.072222
40 0.433594 0.707407 0.019271 0.077778
41 0.455990 0.706944 0.018229 0.078704
42 0.478125 0.707407 0.017708 0.079630
43 0.511458 0.706944 0.016667 0.078704
44 0.533594 0.707407 0.017188 0.077778
45 0.567448 0.708333 0.017188 0.079630
46 0.589323 0.707870 0.017188 0.078704
47 0.611979 0.706944 0.016667 0.076852
48 0.394010 0.793519 0.028646 0.077778
49 0.422135 0.792593 0.019271 0.077778
50 0.456771 0.793981 0.017708 0.080556
51 0.478385 0.793981 0.016146 0.078704
52 0.500781 0.793981 0.017188 0.078704
53 0.522135 0.793519 0.017188 0.077778
54 0.544531 0.792593 0.019271 0.079630
55 0.566667 0.793981 0.016667 0.080556
56 0.604948 0.793519 0.029687 0.077778
57 0.399740 0.878241 0.040104 0.076852
58 0.445573 0.880093 0.039062 0.078704
59 0.515365 0.880556 0.092188 0.077778
60 0.592708 0.880093 0.054167 0.076852
