67 0.499479 0.634722 0.246875 0.576852
18 0.437760 0.631944 0.120313 0.049074
17 0.561458 0.631481 0.120833 0.046296
26 0.417448 0.701852 0.043229 0.046296
19 0.499740 0.701852 0.043229 0.046296
25 0.582031 0.701852 0.043229 0.046296
28 0.417969 0.763889 0.043229 0.046296
23 0.499740 0.762963 0.043229 0.046296
27 0.582031 0.764815 0.043229 0.046296
21 0.417969 0.828704 0.043229 0.046296
24 0.499740 0.829630 0.043229 0.046296
20 0.582552 0.828704 0.043229 0.046296
22 0.499740 0.890741 0.043229 0.046296
60 0.417969 0.891667 0.043229 0.046296
56 0.582552 0.890741 0.043229 0.046296
