16 0.499219 0.473611 0.247396 0.904630
61 0.606250 0.083333 0.019792 0.033333
18 0.437760 0.422685 0.121354 0.049074
17 0.561198 0.423148 0.121354 0.048148
19 0.388802 0.535648 0.020313 0.082407
20 0.410938 0.535648 0.019792 0.082407
21 0.433594 0.535648 0.020313 0.082407
22 0.455990 0.536111 0.019271 0.081481
23 0.477604 0.535185 0.019792 0.081481
24 0.522656 0.535185 0.020313 0.083333
25 0.545052 0.536111 0.020313 0.081481
26 0.566927 0.535648 0.020313 0.082407
27 0.589323 0.535185 0.020313 0.081481
28 0.611979 0.535648 0.019792 0.082407
29 0.388021 0.620833 0.020833 0.080556
30 0.422396 0.621759 0.020833 0.080556
31 0.444792 0.621759 0.018750 0.080556
32 0.478125 0.622222 0.019792 0.081481
33 0.500260 0.622222 0.019271 0.081481
34 0.522656 0.621759 0.019271 0.080556
35 0.544792 0.621296 0.018750 0.079630
36 0.567187 0.621759 0.019792 0.080556
37 0.589323 0.622685 0.019271 0.080556
38 0.611458 0.622222 0.020833 0.079630
39 0.388281 0.707870 0.021354 0.084259
40 0.411458 0.708333 0.019792 0.083333
41 0.477865 0.707870 0.019271 0.080556
42 0.500781 0.707870 0.019271 0.080556
43 0.522917 0.707870 0.019792 0.082407
44 0.545573 0.707870 0.019271 0.082407
45 0.567969 0.707870 0.019271 0.082407
46 0.589323 0.708333 0.019271 0.081481
47 0.611719 0.708333 0.019271 0.079630
48 0.394271 0.793981 0.030208 0.078704
49 0.422656 0.793519 0.021354 0.079630
50 0.456510 0.793519 0.019271 0.081481
51 0.490365 0.793056 0.019271 0.080556
52 0.512240 0.793981 0.018229 0.082407
53 0.533594 0.793981 0.019271 0.082407
54 0.555469 0.794907 0.018229 0.082407
55 0.577865 0.794907 0.018229 0.080556
56 0.604948 0.794444 0.029687 0.077778
57 0.400000 0.879630 0.041667 0.077778
58 0.445052 0.880093 0.040104 0.078704
59 0.516146 0.879167 0.094792 0.078704
60 0.593229 0.880093 0.054167 0.078704
