16 0.499219 0.473148 0.258854 0.944444
61 0.611458 0.061111 0.017708 0.027778
18 0.434115 0.427778 0.125521 0.053704
17 0.564323 0.427315 0.127604 0.054630
71 0.382812 0.543981 0.018750 0.078704
72 0.405990 0.543519 0.018229 0.077778
73 0.441146 0.542593 0.017708 0.075926
74 0.464844 0.542593 0.017188 0.077778
75 0.488542 0.542593 0.018750 0.077778
76 0.512240 0.542593 0.018229 0.077778
77 0.535937 0.542593 0.016667 0.077778
78 0.559115 0.543056 0.018229 0.080556
79 0.594531 0.541667 0.018229 0.077778
80 0.616927 0.542130 0.017188 0.076852
107 0.382292 0.632407 0.019792 0.075926
108 0.418229 0.631944 0.017708 0.075000
109 0.453385 0.631481 0.017188 0.075926
110 0.477083 0.631944 0.016667 0.076852
111 0.500521 0.632870 0.016667 0.078704
112 0.523958 0.632407 0.016667 0.077778
113 0.547396 0.633333 0.018750 0.077778
114 0.571094 0.632407 0.017188 0.075926
115 0.595052 0.632870 0.017188 0.076852
116 0.617708 0.632407 0.017708 0.077778
117 0.382552 0.720833 0.018229 0.076852
118 0.430208 0.721759 0.016667 0.076852
119 0.453906 0.720833 0.018229 0.076852
120 0.476042 0.722222 0.017708 0.075926
121 0.500260 0.723148 0.018229 0.077778
122 0.535417 0.723148 0.018750 0.079630
123 0.559635 0.722222 0.017188 0.077778
124 0.594531 0.722222 0.017188 0.077778
125 0.617188 0.721296 0.016667 0.077778
126 0.388542 0.811111 0.029167 0.075926
127 0.418229 0.809722 0.018750 0.076852
128 0.441927 0.810185 0.018229 0.077778
129 0.477865 0.810185 0.017188 0.077778
74 0.500260 0.809722 0.017188 0.076852
73 0.522917 0.809722 0.017708 0.076852
72 0.558594 0.810185 0.018229 0.077778
71 0.581250 0.809259 0.016667 0.075926
56 0.610677 0.810648 0.028646 0.076852
57 0.394010 0.900926 0.041146 0.075926
58 0.442448 0.901389 0.040104 0.076852
59 0.515365 0.900463 0.092188 0.076852
60 0.597917 0.900926 0.054167 0.077778
