70 0.499219 0.473611 0.247396 0.897222
61 0.606250 0.083333 0.016667 0.024074
18 0.437500 0.440741 0.119792 0.048148
17 0.560937 0.440278 0.120833 0.047222
23 0.417969 0.556019 0.043229 0.050926
28 0.499740 0.556019 0.043229 0.050926
21 0.582031 0.556019 0.043229 0.050926
19 0.418490 0.661574 0.043229 0.050926
20 0.500260 0.661574 0.043229 0.050926
25 0.582031 0.660648 0.043229 0.050926
24 0.418490 0.768056 0.043229 0.050926
27 0.499740 0.767130 0.043229 0.050926
26 0.582552 0.767130 0.043229 0.050926
60 0.417969 0.870833 0.043229 0.050926
22 0.500260 0.871759 0.043229 0.050926
56 0.583073 0.872685 0.043229 0.050926
