16 0.499479 0.474074 0.246875 0.896296
61 0.605990 0.083333 0.021354 0.033333
18 0.437760 0.423611 0.120313 0.049074
17 0.561979 0.423148 0.120833 0.048148
19 0.400000 0.535648 0.019792 0.080556
20 0.421615 0.535185 0.018229 0.081481
21 0.444792 0.535648 0.018750 0.080556
22 0.467187 0.535185 0.018750 0.079630
23 0.489583 0.535648 0.019792 0.080556
24 0.511719 0.535648 0.019271 0.080556
25 0.534115 0.535185 0.018229 0.079630
26 0.555729 0.535185 0.018750 0.079630
27 0.589844 0.535648 0.018229 0.078704
28 0.611719 0.535648 0.018229 0.080556
29 0.388021 0.621759 0.019792 0.078704
30 0.411458 0.621759 0.017708 0.078704
31 0.433073 0.621296 0.019271 0.079630
32 0.455990 0.621759 0.018229 0.080556
33 0.478385 0.621296 0.019271 0.079630
34 0.511458 0.621296 0.019792 0.081481
35 0.533854 0.621296 0.018750 0.079630
36 0.566927 0.621296 0.019271 0.079630
37 0.589844 0.622222 0.018229 0.081481
38 0.611979 0.622222 0.017708 0.079630
39 0.399740 0.706481 0.019271 0.075926
40 0.422656 0.706944 0.018229 0.076852
41 0.455729 0.707407 0.019792 0.079630
42 0.478385 0.707407 0.018229 0.077778
43 0.511719 0.707407 0.018229 0.077778
44 0.534375 0.708796 0.017708 0.078704
45 0.555990 0.708333 0.018229 0.079630
46 0.579167 0.708333 0.017708 0.079630
47 0.611458 0.708796 0.018750 0.080556
48 0.394531 0.793981 0.030729 0.078704
49 0.423177 0.793981 0.018229 0.078704
50 0.456250 0.793981 0.018750 0.078704
51 0.478906 0.793981 0.019271 0.078704
52 0.500000 0.793519 0.018750 0.079630
53 0.522135 0.793981 0.018229 0.080556
54 0.544010 0.794907 0.019271 0.080556
55 0.566146 0.794907 0.017708 0.078704
56 0.605208 0.794444 0.030208 0.079630
57 0.399219 0.878704 0.041146 0.075926
58 0.445052 0.880093 0.039062 0.075000
59 0.515365 0.881019 0.094271 0.075000
60 0.592448 0.880093 0.052604 0.076852
