16 0.499219 0.475926 0.246354 0.896296
63 0.605990 0.084259 0.020313 0.029630
18 0.438281 0.422685 0.118229 0.047222
17 0.561458 0.423148 0.120833 0.046296
19 0.400000 0.535185 0.019792 0.079630
20 0.422656 0.536111 0.019271 0.079630
21 0.445052 0.535185 0.019271 0.077778
22 0.467187 0.535185 0.018750 0.079630
23 0.489063 0.535648 0.017708 0.080556
24 0.523438 0.534722 0.018750 0.080556
25 0.545312 0.535185 0.017708 0.079630
26 0.567448 0.535185 0.018229 0.079630
27 0.589583 0.535648 0.017708 0.078704
28 0.611979 0.535185 0.017708 0.079630
29 0.388281 0.622685 0.021354 0.080556
30 0.411198 0.622685 0.020313 0.080556
31 0.434115 0.621296 0.019271 0.077778
32 0.455990 0.621296 0.017188 0.079630
33 0.489323 0.622685 0.018229 0.076852
34 0.511458 0.621759 0.018750 0.078704
35 0.544792 0.622222 0.017708 0.079630
36 0.567708 0.622222 0.016667 0.079630
37 0.589583 0.623148 0.016667 0.077778
38 0.612500 0.623611 0.016667 0.078704
39 0.388021 0.707870 0.020833 0.076852
40 0.410938 0.707870 0.017708 0.075000
41 0.445052 0.708333 0.019271 0.081481
42 0.467969 0.708333 0.017188 0.079630
43 0.511719 0.707407 0.018229 0.077778
44 0.545052 0.707407 0.018229 0.079630
45 0.567187 0.707870 0.017708 0.076852
46 0.589583 0.708333 0.017708 0.081481
47 0.611979 0.709259 0.017708 0.077778
48 0.394531 0.793981 0.029687 0.076852
49 0.422396 0.794907 0.018750 0.078704
50 0.457031 0.794907 0.017188 0.078704
51 0.478906 0.794907 0.017188 0.078704
52 0.500000 0.794907 0.018750 0.080556
53 0.522656 0.794907 0.016146 0.078704
54 0.555729 0.794907 0.016667 0.076852
54 0.577083 0.793981 0.017708 0.076852
56 0.604948 0.793519 0.028646 0.075926
57 0.400000 0.880556 0.042708 0.077778
58 0.445312 0.880093 0.040625 0.076852
59 0.515365 0.879630 0.092188 0.075926
60 0.593229 0.880093 0.054167 0.076852
