16 0.499219 0.473611 0.247396 0.897222
61 0.605990 0.081481 0.016146 0.025926
18 0.438281 0.423148 0.120313 0.050000
17 0.561458 0.422685 0.120833 0.049074
19 0.388021 0.535185 0.020833 0.079630
20 0.411458 0.534722 0.018750 0.080556
21 0.445052 0.534722 0.020313 0.080556
22 0.467187 0.535185 0.018750 0.079630
23 0.489583 0.534722 0.018750 0.078704
24 0.511719 0.535185 0.019271 0.079630
25 0.534115 0.535648 0.019271 0.078704
26 0.556250 0.535185 0.017708 0.079630
27 0.589844 0.535185 0.018229 0.079630
28 0.611979 0.535648 0.017708 0.080556
29 0.400781 0.620370 0.020313 0.079630
30 0.423698 0.621296 0.019271 0.079630
31 0.447135 0.620833 0.019271 0.078704
32 0.470833 0.621296 0.018750 0.079630
33 0.493490 0.620833 0.019271 0.080556
34 0.517448 0.621296 0.019271 0.081481
35 0.540885 0.621759 0.018229 0.078704
36 0.564583 0.621296 0.017708 0.079630
37 0.588542 0.621759 0.019792 0.078704
38 0.611719 0.622222 0.018229 0.077778
39 0.388021 0.707407 0.019792 0.081481
40 0.433854 0.708796 0.019792 0.078704
41 0.455990 0.707870 0.019271 0.078704
42 0.477865 0.707407 0.018229 0.077778
43 0.512240 0.707407 0.018229 0.077778
44 0.533854 0.707870 0.017708 0.078704
45 0.556250 0.707870 0.016667 0.078704
46 0.589844 0.707870 0.018229 0.076852
47 0.611458 0.707870 0.016667 0.078704
48 0.394271 0.793056 0.030208 0.076852
49 0.423698 0.793519 0.018229 0.077778
50 0.445312 0.792593 0.017708 0.077778
51 0.478385 0.793519 0.018229 0.079630
52 0.501042 0.793519 0.018750 0.079630
53 0.522656 0.794907 0.018229 0.080556
54 0.544271 0.793519 0.017708 0.077778
55 0.577865 0.793056 0.018229 0.080556
56 0.605208 0.794444 0.029167 0.077778
57 0.400000 0.879630 0.041667 0.077778
58 0.444531 0.879630 0.041146 0.077778
59 0.516406 0.880556 0.092188 0.075926
60 0.592708 0.880556 0.053125 0.075926
