16 0.500260 0.475000 0.248438 0.903704
61 0.605990 0.083796 0.020313 0.037963
18 0.438021 0.421759 0.119792 0.050926
17 0.561458 0.422222 0.121875 0.046296
19 0.388281 0.535648 0.021354 0.080556
20 0.411198 0.535648 0.020313 0.080556
21 0.433854 0.536111 0.018750 0.083333
22 0.478646 0.535185 0.018750 0.081481
23 0.500781 0.535185 0.019271 0.083333
24 0.522656 0.536111 0.019271 0.083333
25 0.545573 0.535648 0.018229 0.080556
26 0.567969 0.536111 0.018229 0.081481
27 0.589583 0.535185 0.019792 0.081481
28 0.611979 0.535185 0.018750 0.081481
29 0.388542 0.621296 0.020833 0.079630
30 0.411198 0.621759 0.018229 0.080556
31 0.455990 0.620370 0.019271 0.081481
32 0.478385 0.620833 0.018229 0.080556
33 0.501302 0.620833 0.018229 0.080556
34 0.522656 0.621759 0.019271 0.080556
35 0.545573 0.622222 0.020313 0.079630
36 0.567448 0.621759 0.019271 0.078704
37 0.589583 0.621759 0.019792 0.080556
38 0.611979 0.621759 0.018750 0.078704
39 0.388542 0.707870 0.020833 0.082407
40 0.422396 0.707870 0.019792 0.080556
41 0.467448 0.707407 0.019271 0.081481
42 0.489583 0.707870 0.017708 0.080556
43 0.511719 0.708333 0.019271 0.081481
44 0.545052 0.707870 0.018229 0.078704
45 0.567969 0.707870 0.019271 0.078704
46 0.589323 0.707870 0.018229 0.080556
36 0.611719 0.708333 0.019271 0.079630
48 0.394271 0.793519 0.030208 0.077778
49 0.422917 0.794444 0.018750 0.079630
50 0.445312 0.793519 0.018750 0.079630
51 0.467708 0.793981 0.017708 0.078704
52 0.500781 0.793981 0.018229 0.080556
53 0.523177 0.793981 0.018229 0.080556
54 0.555729 0.793981 0.017708 0.080556
55 0.577865 0.793981 0.017188 0.080556
56 0.604427 0.793981 0.029687 0.078704
57 0.400000 0.880556 0.042708 0.077778
58 0.445312 0.879630 0.039583 0.077778
59 0.515365 0.881019 0.094271 0.076852
60 0.593229 0.880093 0.054167 0.078704
