70 0.499740 0.473148 0.259896 0.944444
61 0.611979 0.062037 0.016667 0.024074
18 0.434896 0.436574 0.125000 0.052778
17 0.563802 0.436574 0.127604 0.052778
19 0.412760 0.568981 0.043229 0.050926
27 0.499740 0.568056 0.043229 0.050926
22 0.586198 0.568056 0.043229 0.050926
25 0.412760 0.675463 0.043229 0.050926
23 0.500260 0.674537 0.043229 0.050926
24 0.585677 0.676389 0.043229 0.050926
28 0.413281 0.781944 0.043229 0.050926
26 0.499219 0.781019 0.043229 0.050926
21 0.586198 0.781944 0.043229 0.050926
60 0.413802 0.890278 0.043229 0.050926
20 0.500260 0.890278 0.043229 0.050926
56 0.586198 0.890278 0.043229 0.050926
