16 0.499740 0.473148 0.258854 0.944444
61 0.611979 0.062500 0.017708 0.030556
18 0.434896 0.431944 0.125000 0.050926
17 0.564323 0.432870 0.127604 0.052778
19 0.383073 0.549537 0.020313 0.080556
20 0.406771 0.549074 0.019792 0.079630
21 0.454427 0.549537 0.018229 0.078704
22 0.477865 0.549074 0.019271 0.079630
23 0.500521 0.549074 0.018750 0.079630
24 0.523438 0.549074 0.019792 0.079630
25 0.547656 0.549537 0.019271 0.080556
26 0.571094 0.549537 0.019271 0.082407
27 0.594271 0.548611 0.017708 0.080556
28 0.617188 0.550000 0.017708 0.079630
29 0.395833 0.636574 0.020833 0.080556
30 0.419010 0.636574 0.019271 0.080556
31 0.441146 0.637037 0.018750 0.079630
32 0.465104 0.637963 0.019792 0.081481
33 0.500521 0.637500 0.018750 0.080556
34 0.523438 0.637500 0.018750 0.080556
35 0.546875 0.637037 0.018750 0.081481
36 0.570833 0.636574 0.018750 0.080556
37 0.594271 0.638426 0.018750 0.080556
38 0.617448 0.637963 0.018229 0.079630
39 0.406510 0.725000 0.019271 0.079630
40 0.429948 0.724537 0.019271 0.078704
41 0.453646 0.725463 0.018750 0.080556
42 0.477344 0.725926 0.018229 0.079630
43 0.501302 0.724074 0.019271 0.079630
44 0.547396 0.724537 0.018750 0.078704
45 0.570052 0.725000 0.019271 0.079630
46 0.594531 0.724537 0.018229 0.080556
47 0.617188 0.725000 0.017708 0.079630
48 0.388802 0.813426 0.031771 0.078704
49 0.419531 0.812500 0.019271 0.075000
50 0.441927 0.812500 0.019271 0.078704
51 0.465885 0.813426 0.019271 0.078704
52 0.488542 0.813426 0.019792 0.080556
53 0.535417 0.812963 0.018750 0.081481
54 0.558333 0.812037 0.017708 0.079630
55 0.581771 0.812500 0.017708 0.080556
56 0.611198 0.812963 0.028646 0.077778
57 0.394271 0.900926 0.041667 0.079630
58 0.441667 0.900926 0.040625 0.077778
59 0.515885 0.901852 0.096354 0.079630
62 0.597656 0.900463 0.054688 0.078704
