15 0.360417 0.633796 0.0916667 0.0824074 
16 0.454167 0.630556 0.0916667 0.0814815 
18 0.689583 0.630556 0.0916667 0.0814815 
2 0.0770833 0.537037 0.0958333 0.0814815 
26 0.548958 0.718518 0.0895833 0.0814815 
5 0.358333 0.531018 0.0958333 0.0787037 
22 0.0770833 0.721296 0.0916667 0.0814815 
28 0.784375 0.718056 0.0895833 0.0805556 
8 0.641667 0.535185 0.0958333 0.0814815 
64 0.0604167 0.812963 0.116667 0.0796296 
9 0.738542 0.538426 0.0895833 0.0805556 
4 0.263542 0.5375 0.0854167 0.0824074 
13 0.172917 0.630556 0.0958333 0.0814815 
31 0.175 0.811574 0.0958333 0.0842593 
37 0.823958 0.8125 0.0895833 0.0824074 
3 0.172917 0.537963 0.0958333 0.0833333 
17 0.548958 0.633333 0.0854167 0.0833333 
25 0.454167 0.723148 0.0916667 0.0833333 
20 0.879167 0.633796 0.0916667 0.0842593 
65 0.0854167 0.900926 0.170833 0.0796296 
32 0.269792 0.811574 0.0895833 0.0824074 
27 0.640625 0.718982 0.0895833 0.0805556 
12 0.078125 0.633333 0.09375 0.0833333 
19 0.783333 0.630093 0.0916667 0.0824074 
1 0.217708 0.22963 0.160417 0.05 
29 0.880208 0.722685 0.09375 0.0842593 
35 0.592708 0.813426 0.0895833 0.0824074 
6 0.454167 0.536111 0.0916667 0.0833333 
14 0.264583 0.630093 0.0916667 0.0805556 
34 0.454167 0.814352 0.0916667 0.0824074 
1 0.780208 0.22963 0.160417 0.05 
33 0.361458 0.80787 0.09375 0.0787037 
23 0.219792 0.723148 0.0895833 0.0814815 
36 0.734375 0.812037 0.0854167 0.0833333 
7 0.548958 0.536574 0.0895833 0.0824074 
0 0.225 0.426852 0.145833 0.0518519 
66 0.265625 0.899537 0.18125 0.0768519 
21 0.964583 0.63287 0.0708333 0.0805556 
64 0.9375 0.805556 0.125 0.0722222 
58 0.945833 0.0671296 0.104167 0.075 
1 0.5875 0.427778 0.166667 0.0518519 
30 0.964583 0.721759 0.0708333 0.0787037 
1 0.759375 0.427778 0.152083 0.0555556 
66 0.91875 0.897685 0.1625 0.0805556 
11 0.965625 0.539815 0.06875 0.0796296 
0 0.464583 0.164815 0.175 0.0740741 
